tree
version=v4
num_class=1
num_tree_per_iteration=1
label_index=0
max_feature_idx=6
objective=lambdarank
feature_names=BM25_Score SBERT_Score rating_signal popularity_signal recency_signal genre_match platform_match
feature_infos=[0:1] [0:1] [0:1.2] [0:1.2] [0:1.5] none none
tree_sizes=3286 3278 3284 3378 3185

Tree=0
num_leaves=30
num_cat=0
split_feature=4 0 1 0 0 1 3 3 0 4 2 2 3 1 3 0 0 0 0 4 3 4 4 1 0 1 3 3 0
split_gain=8.97046 3.29356 2.15909 2.59369 1.95037 1.55363 1.54402 3.64601 1.53418 0.955424 1.67601 0.895053 0.810143 0.741707 1.90142 1.01506 0.75691 0.674046 0.579611 0.671913 0.569321 0.814544 0.771477 0.558264 0.422605 0.271714 0.272606 0.594387 0.0538719
threshold=0.83300395256917004 0.59649266111865717 0.69035351276397716 0.42243898711801015 0.37328913711383899 0.92141520977020275 0.67741042595725054 0.03180538715764978 0.95635543243924659 0.62461300309597534 1.0620507399577168 0.79574468085106387 0.0014956689602604841 0.73656645417213451 0.0019328545343127322 0.408424328842588 0.25860733102969347 0.83430306030454127 0.74930567239129819 0.32971014492753631 0.0080578328539716304 1.0773809523809526 1.4361413043478264 0.78973284363746654 0.675395088631631 0.60659530758857738 0.0074436556973628189 0.00011922042296536634 0.63386842627084816
decision_type=10 2 2 2 2 2 10 10 2 10 8 10 10 2 10 2 2 2 2 10 10 10 8 2 2 2 10 10 2
left_child=1 5 3 4 -2 9 7 17 12 10 13 -9 -3 16 15 -15 -1 20 24 -20 21 -5 28 -4 -14 26 27 -18 -23
right_child=2 8 23 6 -6 -7 -8 11 -10 -11 -12 -13 18 14 -16 -17 25 -19 19 -21 -22 22 -24 -25 -26 -27 -28 -29 -30
leaf_value=-0.19110127332039528 0.021315232437900185 -0.068706013210465253 0.16665284461197466 0.16496864082989771 -0.16707044976622543 0.0482852298386129 0.15541100772349001 -0.13770476455214739 0.15796975290255721 -0.17652651281308429 0.039510911578870184 -0.011583163577963611 0.016615219208764395 -0.14915009751677916 0.038315049421942984 -0.031495031800031201 -0.1361307328092122 0.023006129803695426 -0.095840471865510563 0.046535364581860549 0.025943260682514964 0.022475668215786278 0.14275432180231204 0.083036011525252418 0.1155686998311535 -0.05696315169533555 -0.14631612910791467 -0.031601535583548522 0.056013127217133321
leaf_weight=0.99016289319842687 1.2274145074188738 1.2608749181963492 1.6848532147705548 1.592166177229952 0.99512826139107335 0.96566739678382951 1.3525497894734151 1.0469859726727011 0.70370497182011593 1.0117762647569186 1.1470712488517172 1.2164681423455475 0.88735697651281975 1.8218098394572737 1.4195617139339445 1.2272540233097968 1.1913081607781357 1.8941323596518485 0.64918828057125189 0.67727546859532595 1.0651059718802569 1.0171669870615008 1.117387482896447 1.5177061022259293 0.84028867492452264 1.3458555145189164 1.2913430668413637 1.0011585978791115 0.90520502859726537
leaf_count=22 25 37 24 21 20 24 19 18 16 15 20 28 26 33 28 23 30 31 24 18 32 18 15 22 18 34 32 18 23
internal_value=-9.47263e-11 -0.0480475 0.0532456 0.0356512 -0.0630332 -0.0739048 0.0552217 0.0414707 0.0210589 -0.0833843 -0.0751434 -0.0699221 -0.00126912 -0.0879264 -0.0572849 -0.101794 -0.111454 0.0746846 0.0265719 -0.0231452 0.0918665 0.107026 0.0766761 0.127026 0.064744 -0.0951247 -0.109867 -0.088399 0.0382678
internal_weight=35.0639 18.4317 16.6323 13.4297 2.22254 13.413 11.2072 9.85462 5.01869 12.4473 11.4355 2.26345 4.31498 10.2885 4.46863 3.04906 5.81983 7.59116 3.05411 1.32646 5.69703 4.63193 3.03976 3.20256 1.72765 4.82967 3.48381 2.19247 1.92237
internal_count=714 418 296 250 45 279 205 186 139 255 240 46 123 220 84 56 136 140 86 42 109 77 56 46 44 114 80 48 41
is_linear=0
shrinkage=0.1


Tree=1
num_leaves=30
num_cat=0
split_feature=4 1 0 2 3 0 0 1 3 3 3 2 0 0 0 3 3 0 0 4 3 0 1 3 2 1 0 0 1
split_gain=7.82859 10.116 8.62336 4.69916 5.24008 3.40674 3.36333 3.2647 3.64981 2.79042 2.69734 2.04038 2.44734 2.02004 3.56021 1.97339 1.66346 1.22987 1.49767 1.22971 1.88092 1.03744 0.494972 0.325071 0.707793 0.231448 0.161962 0.125908 0.0134033
threshold=0.8717105263157896 0.69035351276397716 0.95635543243924659 1.1064777327935225 0.16936813186813188 0.35733369703801837 0.76210808267731611 0.96907541155815136 0.013435440093059327 0.0049097103543949026 0.67741042595725054 0.71168831168831181 0.43678571437013908 0.35967931530791541 0.6789864967801108 0.029208826695371368 0.0032173663024726859 0.61425284959284121 0.54534986208176661 1.0773809523809526 0.0024994880587535019 0.46918124886450574 0.85953614115715038 0.00066836410493058154 0.76479690522243715 0.51252493262290966 0.6204363382874396 0.26253054560330519 0.76260372996330272
decision_type=10 2 2 10 8 2 2 2 10 10 8 10 2 2 2 8 10 2 2 8 10 2 2 10 10 2 2 2 2
left_child=2 5 3 4 7 -2 10 8 11 -3 15 12 22 -10 -15 19 17 18 -14 -7 26 -6 25 -8 -25 -1 -21 -27 -29
right_child=1 9 -4 -5 21 6 23 -9 13 -11 -12 -13 16 14 -16 -17 -18 -19 -20 20 -22 -23 -24 24 -26 27 -28 28 -30
leaf_value=-0.17635510577907551 -0.092000950638019247 0.055345260479601102 0.10879700620985172 0.045476377245306635 -0.17419972904660716 0.067165860614019468 -0.075366162894654046 0.038587396864055164 0.077305295658120138 0.14646586753993182 0.12273720425035117 0.019646662963109657 -0.051031703065744984 -0.11004768496416095 0.045995603874932213 -0.067066094021896824 -0.12831978569598454 -0.092580778183730617 0.055197120263689572 -0.051245677962732827 0.06221521814517187 -0.0911217262575819 -0.077064507140340452 0.0049204600811919514 -0.067562751583266065 -0.15936987526814519 -0.01404049380303889 -0.11198269945916686 -0.12652725640290799
leaf_weight=1.7380406800657606 3.6475191786885288 6.4687249083071929 4.2135185264050952 5.5031217876821747 3.4660907071083775 5.8002098235301753 2.3807008359581223 4.8271674681454888 2.6066933311521989 6.9948576167225838 2.8722381293773642 2.0413391422480336 3.2077023079618794 2.7980744037777185 3.0623639905825257 2.3531338144093743 2.4072159305214882 2.4292589277029037 2.2638633698225021 2.5630753468722105 3.5360461762174964 2.6540771294385195 1.2766982335597274 2.7187171117402613 2.6705021802335978 1.163642814382911 2.1528268847614527 1.2011984549462797 1.3408413659781215
leaf_count=25 21 24 16 27 23 30 19 20 16 18 11 25 39 33 26 38 22 37 16 25 31 26 15 26 18 25 21 23 18
internal_value=7.06928e-10 0.0304174 -0.0278664 -0.0409573 -0.053317 -0.00128148 0.0109526 -0.0372706 -0.0505684 0.102686 0.03334 -0.0748274 -0.0861527 0.00406807 -0.0285075 0.0176884 -0.0555423 -0.0333685 -0.00707947 0.0318811 0.00707985 -0.138172 -0.133104 -0.0445916 -0.0309969 -0.146247 -0.0342614 -0.132126 -0.119654
internal_weight=92.3595 44.1586 48.2009 43.9874 38.4843 30.695 27.0475 32.3641 27.5369 13.4636 19.2775 19.0698 17.0285 8.46713 5.86044 16.4053 10.308 7.90082 5.47157 14.0522 8.25195 6.12017 6.72042 7.76992 5.38922 5.44372 4.7159 3.70568 2.54204
internal_count=714 282 432 416 389 240 219 340 320 42 156 245 220 75 59 145 114 92 55 107 77 49 106 63 44 91 46 66 41
is_linear=0
shrinkage=0.1


Tree=2
num_leaves=30
num_cat=0
split_feature=4 3 0 3 1 3 0 3 3 0 0 1 2 4 2 2 3 0 3 1 3 3 3 1 0 2 0 4 2
split_gain=9.95209 6.11281 5.44713 2.70226 2.61536 3.07005 2.72284 2.70715 2.17756 2.56942 3.23284 2.20241 2.11125 2.22202 1.77564 1.71351 1.70736 1.63403 1.37944 1.31159 0.963102 0.676813 1.00242 0.952495 0.81232 0.595213 0.500383 0.380117 0.284924
threshold=0.38315217391304351 0.22860218360756576 0.95635543243924659 0.16936813186813188 0.56772685050964367 0.0016052259678686644 0.42243898711801015 0.033506493506493505 0.013435440093059327 0.26253054560330519 0.33736969509177855 0.78731909394264232 0.99230769230769245 1.0113636363636365 1.1064777327935225 0.69736842105263175 0.0046388128597002571 0.40106114772027807 0.044284836180080847 0.75684633851051342 0.0004229545969728137 0.0014956689602604841 0.00016274820842309098 0.75684633851051342 0.55358389494996452 0.90714285714285714 0.36033973879877029 1.4333003952569172 1.0620507399577168
decision_type=10 10 2 10 2 10 2 8 10 2 2 2 10 8 8 10 10 2 10 2 10 10 10 2 2 10 2 10 8
left_child=2 4 3 8 6 -6 26 12 9 -1 -11 18 13 -8 -3 16 20 -12 -10 -7 27 22 23 24 -19 -9 -2 -15 -5
right_child=1 14 -4 28 5 19 7 25 11 10 17 -13 -14 15 -16 -17 -18 21 -20 -21 -22 -23 -24 -25 -26 -27 -28 -29 -30
leaf_value=-0.16311123968176514 -0.059772874158415361 0.042031124991432529 0.095556470384177583 -0.10609314132085353 -0.020912555651342379 0.036562743041408524 0.10342763206713515 -0.12962374925822612 0.01837113728209443 0.044202566581438618 -0.16003638508332707 0.075555357942535234 -0.054067701494950028 -0.033530321701388567 0.12073397823632107 0.0876548937132548 -0.066973261725311317 0.0029814453772701662 -0.085822438807922674 0.12301393699792547 0.073705736205742931 -0.019082652444432503 -0.13744056632666274 -0.11962155220089916 -0.085928742394067295 -0.041428072907331671 -0.13571004572042927 0.024620141157292295 -0.16034924197437186
leaf_weight=2.2202593600377538 2.243259895592931 4.6893394477665398 2.6103589907288542 1.9503995096310967 4.0883882381021959 2.980708809569478 3.4943533521145627 1.4587794863618904 2.38176907878369 3.056751104071739 1.747898032888769 2.6209106799215078 3.378051169216632 2.2774071088060719 7.3752195835113534 2.4763211365789184 3.0948204156011343 2.8485492458567006 2.72368916682899 4.2673196028918028 2.3922522226348519 3.4315556120127439 1.8168149124830959 1.5722985276952384 1.6074976883828638 1.6094393897801635 1.4151714919134972 2.2197888419032097 1.9214308643713591
leaf_count=37 17 37 9 30 30 25 34 21 27 32 21 14 22 22 21 17 24 33 20 23 16 37 21 25 22 22 27 18 10
internal_value=-7.54981e-10 0.0282493 -0.0429781 -0.0550727 0.00828133 0.0483772 -0.00916109 0.00390177 -0.0434778 -0.0622713 -0.0483489 0.00103878 0.0177506 0.0329563 0.0901432 0.0131939 -0.00527412 -0.0700699 -0.0372146 0.0874614 0.0224419 -0.056125 -0.0723277 -0.0527041 -0.0290925 -0.0833606 -0.0891472 -0.0048276 -0.133018
internal_weight=81.9708 49.4606 32.5102 29.8998 37.3961 11.3364 26.0596 22.4012 26.028 18.3016 16.0814 7.72637 19.333 15.9549 12.0646 12.4606 9.98427 13.0246 5.10546 7.24803 6.88945 11.2767 7.84516 6.02835 4.45605 3.06822 3.65843 4.4972 3.87183
internal_count=714 376 338 329 318 78 240 196 289 228 191 61 153 131 58 97 80 159 47 48 56 138 101 80 55 43 44 40 40
is_linear=0
shrinkage=0.1


Tree=3
num_leaves=31
num_cat=0
split_feature=4 1 0 3 1 1 1 1 0 3 2 3 0 2 3 0 0 0 0 3 4 4 3 0 3 2 0 4 0 1
split_gain=5.87102 5.79063 4.19611 4.15738 3.35928 1.87565 2.60195 1.64337 2.78008 1.68394 1.49914 1.67348 1.33233 1.73552 1.52995 1.87249 2.21996 1.46739 1.43438 0.983608 0.7574 0.613696 0.576821 1.57689 0.689192 0.35707 0.349637 0.195222 0.147925 0.0502476
threshold=0.38315217391304351 0.69035351276397716 0.95635543243924659 1.1142857142857145 0.78973284363746654 0.75491157174110424 0.79151633381843578 0.96907541155815136 0.33469628794356404 0.037215072999018987 1.0000000180025095e-35 0.031206116398814172 0.42243898711801015 0.86190476190476195 0.033506493506493505 0.62177307818028715 0.65464613529841664 0.74528635746738925 0.57840413116167333 0.17193068819533328 1.3906649616368287 1.3568181818181821 0.0025464643694720602 0.44692426939872615 6.6053815050633158e-05 0.93166666666666664 0.46346238697611258 1.2565789473684212 0.56200626837512091 0.67323368787765514
decision_type=10 2 2 8 2 2 2 2 2 10 10 10 2 10 8 2 2 2 2 10 10 10 10 2 10 10 2 10 2 2
left_child=2 3 5 12 -3 10 -7 8 -8 -10 22 -12 13 27 15 18 -17 -18 26 -13 25 -19 23 29 -25 -16 -14 -2 -24 -1
right_child=1 4 -4 -5 -6 6 7 -9 9 -11 11 19 14 -15 20 16 17 21 -20 -21 -22 -23 28 24 -26 -27 -28 -29 -30 -31
leaf_value=-0.12436571782790239 -0.085063290134949274 0.12438007294093315 0.094055621055502414 0.084465961326954372 0.022389036452881136 0.090721834008435795 -0.1514479312861835 0.030373078677904893 -0.067060468513800583 0.055299048895285877 0.046603151079666394 -0.012636829243051857 0.039631408889440216 0.025069015795959954 -0.071293596721657165 -0.10751604908332624 0.067191697936588829 -0.052001665080113307 0.1033706583307764 -0.12342948422693396 -0.12847756647407252 0.013161455307282813 -0.10550383706620139 -0.067242006689193001 0.012426000228885264 0.001109770022292551 -0.013890999224594115 -0.13701961031040027 -0.14787589955722227 -0.15275806043549112
leaf_weight=1.4029326327145155 1.4450418595224683 7.2520571229979378 2.3485209643840781 4.8900584354996672 5.8219921942800283 1.9510674979537714 2.3028447050601226 2.697287205606699 2.7559266295284033 1.9002730697393415 2.0582429692149153 1.5767914252355697 2.3749571293592515 1.3847519997507332 1.30138697871007 2.3114378973841658 2.5092678368091565 3.3751251306384802 2.6612246427685022 1.6293049501255152 1.2086880002170799 2.5276373401284218 1.9989244164898994 3.086964980699122 1.6750725246965883 1.4291478917002676 2.5109150186181068 1.447715889662504 1.4016372449696062 1.1216898765414951
leaf_count=28 23 36 9 21 35 15 27 20 42 13 20 16 18 12 29 18 29 37 18 25 16 23 29 38 16 21 22 18 17 23
internal_value=1.99456e-10 0.0230482 -0.0342565 -0.000249689 0.0789625 -0.045191 -0.0146081 -0.0358901 -0.0615733 -0.0171235 -0.0674451 -0.0237654 -0.0158898 -0.0669948 -0.0060472 0.00613976 -0.0207171 0.00313328 0.0443 -0.0689405 -0.0625717 -0.024098 -0.088961 -0.0730902 -0.0392184 -0.033398 0.0121255 -0.111065 -0.122969 -0.13698
internal_weight=74.3589 44.4514 29.9075 31.3774 13.074 27.559 11.6074 9.65633 6.95904 4.6562 15.9516 5.26434 26.4873 4.27751 22.2098 18.2706 10.7235 8.41203 7.5471 3.2061 3.93922 5.90276 10.6872 7.28666 4.76204 2.73053 4.88587 2.89276 3.40056 2.52462
internal_count=714 376 338 305 71 329 117 102 82 55 212 61 284 53 231 165 107 89 58 41 66 60 151 105 54 50 40 41 46 51
is_linear=0
shrinkage=0.1


Tree=4
num_leaves=29
num_cat=0
split_feature=3 4 1 3 3 1 0 4 3 3 3 4 0 0 0 3 0 0 4 4 4 3 0 2 4 0 1 0
split_gain=4.42763 2.89577 3.73185 2.41766 2.3722 2.35793 2.70753 1.98321 1.70921 1.53934 1.32348 0.973926 1.9947 0.864206 0.841087 0.786152 1.69811 1.00772 0.752007 0.736573 1.3913 0.721352 0.625211 0.4003 0.446116 0.138806 0.125203 0.174134
threshold=0.002221888625802622 0.34692513368983963 0.69035351276397716 1.1142857142857145 0.16936813186813188 0.88842719793319713 0.44692426939872615 0.98913043478260876 0.055044524904589491 0.00047922122651349134 0.0093204234910867819 0.98913043478260876 0.62177307818028715 0.60216309699470338 0.55358389494996452 0.0034683239775461111 0.29350577556439505 0.675395088631631 0.83300395256917004 1.4333003952569172 1.2312834224598934 0.022507971029538807 0.69274064157031778 1.0620507399577168 0.95095693779904311 0.49455690821995207 0.61777126789093029 0.3294401642657479
decision_type=10 10 2 8 10 2 2 10 10 10 10 10 2 2 2 10 2 2 10 10 10 10 2 8 10 2 2 2
left_child=5 4 3 10 8 6 18 -4 15 11 13 14 -13 -3 -8 -2 -17 25 26 20 21 -12 -16 24 -23 -18 -1 -28
right_child=1 2 7 -5 -6 -7 9 -9 -10 -11 19 12 -14 -15 22 16 17 -19 -20 -21 -22 23 -24 -25 -26 -27 27 -29
leaf_value=-0.14263644263790984 0.041453185973700929 0.082222750207967599 0.03316014890827175 0.073363649650909538 -0.10179311691185378 0.045611702356804111 0.0066837911688740733 0.12628397918974657 0.059988047114852706 -0.08929747570632679 -0.088120841660048674 0.1059426627707746 -0.018084514384366361 -0.0044296170871559112 -0.11563260146557891 0.054714421041673678 -0.12111591175243736 -0.0064472880644200611 -0.056457953622804938 -0.092950757026011868 0.05599207923453399 0.049674220370881948 -0.021840926077733219 -0.055707479536298954 -0.034497268277135361 -0.078557601019910106 -0.12678239755531967 -0.077342406878039283
leaf_weight=1.5106635168194831 1.4906848501414041 2.1418175250291887 3.8193442318588477 4.8485864847898474 2.7075950221624216 3.2703929943963876 2.7787180654704553 5.6997113898396492 3.5415577804669738 2.532764450646936 2.1090991878882015 2.0205319579690695 3.6197752226144075 2.487845373339951 1.4819018542766573 1.4704918656498192 1.7129962407052519 1.7097705285996196 3.3262852430343628 1.5322340503335006 1.9626159132458267 1.2896470658015462 1.365715008229017 1.5734600294381378 1.2304488113149998 1.3868088843300936 1.8081733314320447 1.175564471632242
leaf_count=33 12 19 27 21 39 28 26 21 24 35 26 13 38 27 20 15 22 19 35 21 27 27 23 18 18 21 39 20
internal_value=-9.34953e-10 0.0195355 0.0377351 0.0123265 -0.0177142 -0.0335249 -0.0454956 0.0889198 0.00241003 -0.0188547 -0.00832959 -0.00301897 0.0263458 0.0356583 -0.0324567 -0.0238314 -0.0393279 -0.0680806 -0.0925029 -0.0293297 -0.0173911 -0.0406107 -0.0706502 -0.0161323 0.00857709 -0.102076 -0.11918 -0.107304
internal_weight=67.6052 42.7147 28.6948 19.1758 14.0199 24.8905 21.6201 9.51906 11.3123 13.7994 14.3272 11.2666 5.64031 4.62966 5.62633 7.77075 6.28007 4.80958 7.82069 9.69751 8.16527 6.20266 2.84762 4.09356 2.5201 3.09981 4.4944 2.98374
internal_count=714 404 252 204 152 310 282 48 113 155 183 120 51 46 69 89 77 62 127 137 116 89 43 63 45 43 92 59
is_linear=0
shrinkage=0.1


end of trees

feature_importances:
BM25_Score=47
popularity_signal=40
SBERT_Score=23
recency_signal=21
rating_signal=14

parameters:
[boosting: gbdt]
[objective: lambdarank]
[metric: ndcg]
[tree_learner: serial]
[device_type: cpu]
[data_sample_strategy: bagging]
[data: ]
[valid: ]
[num_iterations: 100]
[learning_rate: 0.1]
[num_leaves: 31]
[num_threads: 0]
[seed: 0]
[deterministic: 0]
[force_col_wise: 0]
[force_row_wise: 0]
[histogram_pool_size: -1]
[max_depth: -1]
[min_data_in_leaf: 20]
[min_sum_hessian_in_leaf: 0.001]
[bagging_fraction: 1]
[pos_bagging_fraction: 1]
[neg_bagging_fraction: 1]
[bagging_freq: 0]
[bagging_seed: 3]
[bagging_by_query: 0]
[feature_fraction: 1]
[feature_fraction_bynode: 1]
[feature_fraction_seed: 2]
[extra_trees: 0]
[extra_seed: 6]
[early_stopping_round: 0]
[early_stopping_min_delta: 0]
[first_metric_only: 0]
[max_delta_step: 0]
[lambda_l1: 0]
[lambda_l2: 0]
[linear_lambda: 0]
[min_gain_to_split: 0]
[drop_rate: 0.1]
[max_drop: 50]
[skip_drop: 0.5]
[xgboost_dart_mode: 0]
[uniform_drop: 0]
[drop_seed: 4]
[top_rate: 0.2]
[other_rate: 0.1]
[min_data_per_group: 100]
[max_cat_threshold: 32]
[cat_l2: 10]
[cat_smooth: 10]
[max_cat_to_onehot: 4]
[top_k: 20]
[monotone_constraints: ]
[monotone_constraints_method: basic]
[monotone_penalty: 0]
[feature_contri: ]
[forcedsplits_filename: ]
[refit_decay_rate: 0.9]
[cegb_tradeoff: 1]
[cegb_penalty_split: 0]
[cegb_penalty_feature_lazy: ]
[cegb_penalty_feature_coupled: ]
[path_smooth: 0]
[interaction_constraints: ]
[verbosity: -1]
[saved_feature_importance_type: 0]
[use_quantized_grad: 0]
[num_grad_quant_bins: 4]
[quant_train_renew_leaf: 0]
[stochastic_rounding: 1]
[linear_tree: 0]
[max_bin: 255]
[max_bin_by_feature: ]
[min_data_in_bin: 3]
[bin_construct_sample_cnt: 200000]
[data_random_seed: 1]
[is_enable_sparse: 1]
[enable_bundle: 1]
[use_missing: 1]
[zero_as_missing: 0]
[feature_pre_filter: 1]
[pre_partition: 0]
[two_round: 0]
[header: 0]
[label_column: ]
[weight_column: ]
[group_column: ]
[ignore_column: ]
[categorical_feature: ]
[forcedbins_filename: ]
[precise_float_parser: 0]
[parser_config_file: ]
[objective_seed: 5]
[num_class: 1]
[is_unbalance: 0]
[scale_pos_weight: 1]
[sigmoid: 1]
[boost_from_average: 1]
[reg_sqrt: 0]
[alpha: 0.9]
[fair_c: 1]
[poisson_max_delta_step: 0.7]
[tweedie_variance_power: 1.5]
[lambdarank_truncation_level: 30]
[lambdarank_norm: 1]
[label_gain: ]
[lambdarank_position_bias_regularization: 0]
[eval_at: 10]
[multi_error_top_k: 1]
[auc_mu_weights: ]
[num_machines: 1]
[local_listen_port: 12400]
[time_out: 120]
[machine_list_filename: ]
[machines: ]
[gpu_platform_id: -1]
[gpu_device_id: -1]
[gpu_use_dp: 0]
[num_gpu: 1]

end of parameters

pandas_categorical:[]
